ASPATH: 9002 2914 1299 6697
ASPATH: 6939 1299 6697
ASPATH: 6939 47541 28709
ASPATH: 9002 1299 8400 6700
ASPATH: 9002 8400 6700
ASPATH: 9002 7029 12223
ASPATH: 16086 1273 1299 6697
ASPATH: 16086 3257 1299 6697
ASPATH: 16086 1273 1299 6697
ASPATH: 16086 3257 1299 6697
ASPATH: 6939 1273 47541 28709
ASPATH: 6939 1299 6697
ASPATH: 6939 47541 28709
ASPATH: 9002 2914 38809 38858 38858 38858 38858
ASPATH: 9002 2914 4436 23342
ASPATH: 9002 1299 10026 132899
ASPATH: 9002 3356 2914 38809 38858 38858 38858
ASPATH: 9002 9304 24155 132899 133789
ASPATH: 16086 174 2914 38809 38858 38858 38858
ASPATH: 6939 1273 47541 28709
ASPATH: 9002 3356 209 3910 721 27065 1733 5237
ASPATH: 9002 3356 6762 20080 20080 20080 20080 1916 28609
ASPATH: 9002 3356 174 24904 24904 24904 24904
ASPATH: 6939 4826 60725
ASPATH: 9002 2914 38809 38858 38858 38858 38858
ASPATH: 3292
ASPATH: 6939 47541 28709
ASPATH: 9002 702 12897
ASPATH: 9002 3292
ASPATH: 9002 3292
ASPATH: 9002 3356 2914 38809 38858 38858 38858
ASPATH: 9002 12897
ASPATH: 16086 174 2914 38809 38858 38858 38858
ASPATH: 6939 1273 47541 28709
ASPATH: 6939 47541 28709
ASPATH: 9002 3356 1299 6697
ASPATH: 9002 3356 24582 48823 31333
ASPATH: 9002 3356 24582 48823 12574
ASPATH: 9002 3356 24582 48823
ASPATH: 6939 47541 28709
ASPATH: 6939 1273 47541 28709
ASPATH: 9002 6939 42353
ASPATH: 6939 47541 28709
ASPATH: 9002 2914 209 3910 721 27065 1733 5237
ASPATH: 6939 1273 47541 28709
ASPATH: 9002 42353
ASPATH: 6939 47541 28709
ASPATH: 6939 1273 47541 28709
ASPATH: 9002 702 12897
ASPATH: 6939 47541 28709
ASPATH: 6939 1273 47541 28709
ASPATH: 9002 702 12897
ASPATH: 6939 47541 28709
ASPATH: 9002 12897
ASPATH: 9002 2914 6453 4230 28573
ASPATH: 6939 1273 47541 28709
ASPATH: 6939 47541 28709
ASPATH: 9002 2914 701 4230 28573
ASPATH: 9002 6453 286 34984 48159
ASPATH: 9002 6939 8551 25003
ASPATH: 9002 286 34984 48159
ASPATH: 9002 286 34984 34984 34984 16135
ASPATH: 9002 286 34984
ASPATH: 9002 286 34984 48159 48159 48159 48159
ASPATH: 9002 286 34984 34984 34984 16135
ASPATH: 9002 286 34984 48159 48159 48159 48159
ASPATH: 6939 8551 25003
ASPATH: 9002 6939 8551 25003
ASPATH: 6939 47541 28709
ASPATH: 6939 47541 28709
ASPATH: 9002 1299 9505 24155 132899
ASPATH: 6939 1273 47541 28709
ASPATH: 9002 2914 24155 132899
ASPATH: 16086 174 1299 6697
ASPATH: 6939 47541 28709
ASPATH: 6939 47541 28709
ASPATH: 16086 3257 1299 6697
ASPATH: 9002 2914 4436 25973 9304 23752
ASPATH: 9002 3356 3549 9304 23752
ASPATH: 9002 6453 23752
ASPATH: 6939 1273 47541 28709
ASPATH: 6939 47541 28709
ASPATH: 9002 702 12897
ASPATH: 9002 12897
ASPATH: 6939 47541 28709
ASPATH: 6939 1273 47541 28709
ASPATH: 6939 47541 28709
ASPATH: 16086 174 2914 38809 38858 38858 38858 38858
ASPATH: 9002 29075 24904 24904 24904 24904 60478
ASPATH: 9002 3356 9498 23752
ASPATH: 9002 43100 24904 60478
ASPATH: 16086 174 2914 38809 38858 38858 38858
ASPATH: 16086 174 2914 38809 38858 38858 38858
ASPATH: 9002 6453 23752
ASPATH: 6939 1273 47541 28709
ASPATH: 6939 47541 28709
ASPATH: 16086 1273 3356 24582 48823 12574
ASPATH: 16086 1273 3356 24582 48823 31333
ASPATH: 16086 1273 3356 24582 48823
ASPATH: 16086 1273 3356 24582 48823
ASPATH: 16086 1273 3356 24582 48823 12574
ASPATH: 16086 1273 3356 24582 48823 31333
ASPATH: 9002 4230 28573
ASPATH: 9002 6939 15412 18101 132351
ASPATH: 9002 6939 15412 18101
ASPATH: 9002 6939 15412 18101
ASPATH: 9002 6939 15412 18101 132351
ASPATH: 16086 1273 6939 15412 18101
ASPATH: 16086 174 3356 15412 18101 132351
ASPATH: 6939 15412 18101
ASPATH: 6939 15412 18101 132351
ASPATH: 16086 6939 15412 18101 132351
ASPATH: 16086 6939 15412 18101
ASPATH: 9002 9498 23752
ASPATH: 6939 3356 15412 18101 132351
ASPATH: 16086 6939 15412 18101
ASPATH: 16086 1273 6939 15412 18101
ASPATH: 16086 174 3356 15412 18101 132351
ASPATH: 16086 1273 6939 15412 18101
ASPATH: 9002 6939 15412 18101
ASPATH: 9002 6939 15412 18101
ASPATH: 6939 1273 47541 28709
ASPATH: 6939 47541 28709
ASPATH: 16086 1273 6939 15412 18101
ASPATH: 16086 1273 6939 15412 18101 132351
ASPATH: 9002 9304 23752
ASPATH: 9002 2914 6939 15412 18101 132351
ASPATH: 9002 2914 6939 15412 18101
ASPATH: 9002 6939 15412 18101 132351
ASPATH: 9002 6939 15412 18101
ASPATH: 16086 1273 6939 15412 18101
ASPATH: 16086 174 3356 15412 18101 132351
ASPATH: 16086 47541 28709
ASPATH: 6939 15412 18101 132351
ASPATH: 16086 6939 15412 18101 132351
ASPATH: 16086 6939 15412 18101 132351
ASPATH: 9002 6939 15412 18101 132351
ASPATH: 6939 15412 18101
ASPATH: 16086 6939 15412 18101
ASPATH: 16086 6939 15412 18101
ASPATH: 16086 6939 15412 18101
ASPATH: 9002 9498 23752
ASPATH: 9002 2914 4436 25973 9304 23752
ASPATH: 9002 3356 3549 9304 23752
ASPATH: 16086 174 5580 46562
ASPATH: 9002 20804 42675
ASPATH: 9002 3356 9498 23752
ASPATH: 9002 1299 5588 21136
ASPATH: 9002 9498 23752
ASPATH: 9002 5588 21136
ASPATH: 6939 5580 46562
ASPATH: 6939 8422 24582 24582 24582 24582 24582 24582 24582 24582 24582 24582 24582 48823
ASPATH: 6939 8422 24582 24582 24582 24582 24582 24582 24582 24582 24582 24582 24582 48823 12574
ASPATH: 6939 8422 24582 24582 24582 24582 24582 24582 24582 24582 24582 24582 24582 48823 31333
ASPATH: 9002 9304 23752
ASPATH: 9002 2914 209 721 721 721 721 721 721 27065 1733 5237
ASPATH: 9002 702 12897
ASPATH: 9002 42861 58002 199793
ASPATH: 9002 42861 58002 43087
ASPATH: 9002 42861 58002 9082
ASPATH: 9002 42861 58002 57214
ASPATH: 9002 42861 58002 9122
ASPATH: 9002 42861 58002 61237
ASPATH: 9002 42861 58002 199793
ASPATH: 9002 42861 58002 15620
ASPATH: 9002 42861 58002 49642
ASPATH: 9002 42861 58002 57531
ASPATH: 9002 42861 58002 43465
ASPATH: 9002 42861 58002 59600
ASPATH: 9002 42861 58002 56578
ASPATH: 9002 702 12897
ASPATH: 9002 2914 38809 38858 38858 38858
ASPATH: 16086 1273 2914 38809 38858 38858 38858
ASPATH: 9002 12897
ASPATH: 16086 1273 2914 38809 38858 38858 38858
ASPATH: 16086 1273 2914 38809 38858 38858 38858
ASPATH: 9002 2914 38809 38858 38858 38858
ASPATH: 9002 2914 6453 7843 20001 53249
ASPATH: 9002 3356 7843 20001 53249
ASPATH: 9002 6453 7843 20001 53249
ASPATH: 9002 12883 57670
ASPATH: 9002 3356 7843 20001 53249
ASPATH: 9002 2914 6453 7843 20001 53249
ASPATH: 9002 1273 3216 12883 57670
ASPATH: 9002 12883 57670
ASPATH: 16086 174 1299 6697
ASPATH: 9002 2914 1299 6697
ASPATH: 16086 174 1299 6697
ASPATH: 9002 702 12897
ASPATH: 9002 6453 7843 20001 53249
ASPATH: 9002 12897
ASPATH: 9002 3356 9498 23752
ASPATH: 9002 6453 23752
ASPATH: 6939 2914 38809 38858 38858 38858
ASPATH: 9002 9498 23752
ASPATH: 6939 7473 7474 38809 38858 38858 38858 38858
ASPATH: 9002 2914 15412 9304 23752
ASPATH: 9002 3356 3549 9304 23752
ASPATH: 9002 15412 9304 23752
ASPATH: 6939 29075 24904 24904 24904 24904 60478
ASPATH: 9002 2914 4436 25973 9304 23752
ASPATH: 6939 43100 24904 60478
ASPATH: 6939 29075 29075 24904 24904 24904 24904 60478
ASPATH: 9002 6939 42353
ASPATH: 9002 3356 9498 23752
ASPATH: 16086 6939 42353
ASPATH: 9002 6453 23752
ASPATH: 6939 29075 24904 24904 24904 24904 60478
ASPATH: 6939 20853 197800 197800 197800
ASPATH: 6939 43100 24904 60478
ASPATH: 9002 6939 20853 197800 197800 197800
ASPATH: 9002 6939 42353
ASPATH: 16086 1273 6939 42353
ASPATH: 9002 6939 42353
ASPATH: 16086 6939 42353
ASPATH: 9002 2914 44814 61996
ASPATH: 9002 2914 20853 197800
ASPATH: 9002 2914 3257 44814 61996
ASPATH: 9002 3356 3257 44814 61996
ASPATH: 9002 3356 209 721 27065 1733 5237
ASPATH: 9002 3356 25003
ASPATH: 16086 1273 6939 42353
ASPATH: 9002 2914 6939 42353
ASPATH: 9002 6939 42353
ASPATH: 16086 1273 6939 42353
ASPATH: 16086 1273 6939 42353
ASPATH: 6939 42353
ASPATH: 9002 42353
ASPATH: 16086 6939 42353
ASPATH: 16086 6939 42353
ASPATH: 9002 702 12897
ASPATH: 9002 12897
ASPATH: 9002 6939 8551 25003
ASPATH: 6939 10026 132899 133789
ASPATH: 9002 10026 132899 133789
ASPATH: 6939 10026 9505 45758 17425 17425 17425 17425 17425 17425 133193
ASPATH: 16086 174 38040 4618 133193
ASPATH: 9002 10026 132899
ASPATH: 9002 702 12897
ASPATH: 16086 174 1299 6697
ASPATH: 9002 12897
ASPATH: 16086 174 1299 6697
ASPATH: 9002 3356 2914 2914 4436 23342
ASPATH: 9002 2914 4436 25973 9304 23752
ASPATH: 9002 2914 6453 23752
ASPATH: 9002 3356 3549 9498 23752
ASPATH: 9002 6453 23752
ASPATH: 9002 6939 12956 19169 27947 27820
ASPATH: 16086 174 12956 19169 27947 27820
ASPATH: 6939 12956 19169 27947 27820
ASPATH: 9002 6939 12956 19169 27947 27820
ASPATH: 6939 4635 17579 7660 22388 11537 27750 27841
ASPATH: 9002 6939 12956 19169 27947 27820
ASPATH: 9002 6939 12956 19169 27947 27820
ASPATH: 6939 4635 17579 7660 22388 11537 27750 27841
ASPATH: 16086 174 1299 6697
ASPATH: 16086 174 24904 24904 24904 24904 60478
ASPATH: 9002 2914 6939 12956 19169 27947 27820
ASPATH: 9002 6939 12956 19169 27947 27820
ASPATH: 9002 4635 17579 7660 22388 11537 27750 27841
ASPATH: 9002 702 12897
ASPATH: 9002 9498 23752
ASPATH: 9002 12897
ASPATH: 9002 9304 23752
ASPATH: 16086 47541 28709
ASPATH: 6939 1273 47541 28709
ASPATH: 6939 47541 28709
ASPATH: 16086 1273 47541 28709
ASPATH: 6939 47541 28709
ASPATH: 6939 47541 28709
ASPATH: 9002 30798
ASPATH: 6939 1273 47541 28709
ASPATH: 16086 6939 15412 18101 9836
ASPATH: 6939 2914 15412 18101 9836
ASPATH: 6939 6453 4755 45194
ASPATH: 16086 174 3356 15412 18101 9836
ASPATH: 9002 6939 15412 18101 9836
ASPATH: 9002 6939 15412 18101 9836
ASPATH: 9002 9304 23752
ASPATH: 6939 15412 18101 55351
ASPATH: 6939 15412 18101 7633
ASPATH: 6939 15412 18101 17813 132994
ASPATH: 6939 15412 18101 45194
ASPATH: 6939 47541 28709
ASPATH: 6939 15412 18101 9836
ASPATH: 6939 6453 4755 17813 132994
ASPATH: 16086 6939 15412 18101 9836
ASPATH: 16086 6939 15412 18101 55351
ASPATH: 6939 15412 18101 7633
ASPATH: 6939 15412 18101 17813 132994
ASPATH: 9002 702 12897
ASPATH: 16086 6939 15412 18101 55351
ASPATH: 6939 6453 4755 45194
ASPATH: 6939 2914 15412 18101 9836
ASPATH: 16086 6939 15412 18101 9836
ASPATH: 16086 174 3356 15412 18101 9836
ASPATH: 9002 6939 15412 18101 9836
ASPATH: 9002 6939 15412 18101 9836
ASPATH: 9002 12897
ASPATH: 6939 10026 132899
ASPATH: 16086 6939 15412 18101 55351
ASPATH: 16086 1273 1299 15412 18101 9836
ASPATH: 6939 6453 4755 7633
ASPATH: 6939 2914 15412 18101 55351
ASPATH: 6939 6453 4755 17813 132994
ASPATH: 6939 1273 47541 28709
ASPATH: 9002 1299 15412 18101 9836
ASPATH: 9002 6939 15412 18101 9836
ASPATH: 9002 6939 15412 18101 55351
ASPATH: 6939 47541 28709
ASPATH: 16086 174 1299 15412 18101 55351
ASPATH: 9002 6939 15412 18101 55351
ASPATH: 9002 1299 15412 18101 9836
ASPATH: 9002 6939 15412 18101 9836
ASPATH: 9002 4635 9505 45758 17425 17425 17425 17425 17425 17425 133193
ASPATH: 6939 1273 47541 28709
ASPATH: 9002 6453 23752
ASPATH: 9002 9505 45758 17425 17425 17425 17425 17425 17425 133193
ASPATH: 9002 3356 6939 38040 4618 133193
ASPATH: 6939 47541 28709
ASPATH: 9002 6939 16735 11835 53088
ASPATH: 6939 3549 11835 53088
ASPATH: 9002 2914 15412 9304 23752
ASPATH: 16086 6939 42353
ASPATH: 9002 6939 16735 11835 53088
ASPATH: 9002 6939 16735 11835 53088
ASPATH: 6939 16735 11835 53088
ASPATH: 9002 15412 9304 23752
ASPATH: 16086 6939 42353
ASPATH: 6939 3549 11835 53088
ASPATH: 6939 1273 47541 28709
ASPATH: 6939 47541 28709
ASPATH: 9002 2914 4436 25973 9304 23752
ASPATH: 9002 2914 174 9498 23752
ASPATH: 9002 48964 48964 57670
ASPATH: 9002 2914 3549 11835 53088
ASPATH: 9002 6939 16735 11835 53088
ASPATH: 6939 1273 47541 28709
ASPATH: 9002 4134
ASPATH: 9002 48964 48964 57670
ASPATH: 6939 47541 28709
ASPATH: 9002 9498 23752
ASPATH: 6939 1273 47541 28709
ASPATH: 9002 702 12897
ASPATH: 9002 6453 23752
ASPATH: 6939 47541 28709
ASPATH: 9002 12897
ASPATH: 9002 9498 23752
ASPATH: 9002 2914 4436 23342
ASPATH: 6939 47541 28709
ASPATH: 9002 6939 7473 7474 38809 38858 38858 38858 38858
ASPATH: 6939 7473 7474 38809 38858 38858 38858
ASPATH: 6939 7473 7474 38809 38858 38858 38858
ASPATH: 9002 3356 2914 38809 38858 38858 38858
ASPATH: 6939 7473 7474 38809 38858 38858 38858
ASPATH: 6939 1273 47541 28709
ASPATH: 6939 43100 24904 60478
ASPATH: 6939 47541 28709
ASPATH: 9002 1299 29075 24904 24904 24904 24904 60478
ASPATH: 9002 2914 38809 38858 38858 38858
ASPATH: 9002 2914 174 24904 24904 24904 24904 60478
ASPATH: 9002 3356 174 24904 24904 24904 24904 60478
ASPATH: 16086 1273 2914 15412 18101 9836
ASPATH: 9002 3356 174 38040 4618 133193
ASPATH: 9002 3356 3549 29607
ASPATH: 6939 47541 28709
ASPATH: 9002 702 12897
ASPATH: 9002 12897
ASPATH: 6939 1273 47541 28709
ASPATH: 6939 47541 28709
ASPATH: 9002 6453 23752
ASPATH: 6939 1273 47541 28709
ASPATH: 6939 47541 28709
ASPATH: 9002 2914 4436 25973 9304 23752
ASPATH: 6939 1273 47541 28709
ASPATH: 6939 4826 60725
ASPATH: 6939 47541 28709
ASPATH: 9002 36236 53847
ASPATH: 6939 20853 197800 197800 197800
ASPATH: 9002 2914 174 24904 24904 24904 24904 60478
ASPATH: 9002 6453 23752
ASPATH: 9002 20853 197800
ASPATH: 6939 1273 47541 28709
ASPATH: 6939 47541 28709
ASPATH: 9002 702 12897
ASPATH: 9002 6453 23752
ASPATH: 9002 12897
ASPATH: 6939 1273 47541 28709
ASPATH: 9002 6453 4755 9829 23752
ASPATH: 6939 47541 28709
ASPATH: 9002 6453 23752
ASPATH: 16086 3257 174 24904 24904 24904 24904 60478
ASPATH: 9002 6939 38040 4618 133193
ASPATH: 16086 174 16735 11835 53088
ASPATH: 16086 3257 174 24904 24904 24904 24904 60478
ASPATH: 6939 1273 47541 28709
ASPATH: 6939 38040 4618 133193
ASPATH: 6939 47541 28709
ASPATH: 6939 1273 47541 28709
ASPATH: 6939 47541 28709
ASPATH: 16086 3257 174 24904 24904 24904 24904 60478
ASPATH: 9002 5588 5588 5588 21136
ASPATH: 6939 1273 47541 28709
ASPATH: 6939 47541 28709
ASPATH: 9002 702 12897
ASPATH: 16086 174 2914 15412 18101 55351
ASPATH: 16086 1273 4635 17579 7660 22388 11537 27750 27841
ASPATH: 16086 174 3549 11835 53088
ASPATH: 16086 6939 38040 4618 133193
ASPATH: 16086 3257 174 24904 24904 24904 24904 60478
ASPATH: 9002 12897
ASPATH: 9002 2914 4436 25973 9304 23752
ASPATH: 6939 1273 47541 28709
ASPATH: 9002 3356 2914 15412 18101 55351
ASPATH: 6939 47541 28709
ASPATH: 9002 2914 15412 18101 55351
ASPATH: 9002 2914 174 9009 9009 9009 43082
ASPATH: 9002 6453 23752
ASPATH: 9002 3356 6453 4755 45820 9836
ASPATH: 9002 3356 3549 11835 53088
ASPATH: 9002 3356 174 9009 9009 9009 43082
ASPATH: 9002 6453 4755 45820 9836
ASPATH: 6939 1273 47541 28709
ASPATH: 16086 3257 6461
ASPATH: 6939 47541 28709
ASPATH: 16086 3257 6461
ASPATH: 16086 3257 6461 30263
ASPATH: 16086 3257 6461
ASPATH: 16086 3257 6461 7767
ASPATH: 16086 3257 6461 19092 12009
ASPATH: 9002 9498 23752
ASPATH: 16086 3257 6461 23342 21634
ASPATH: 16086 3257 6461 19092
ASPATH: 16086 3257 6461 17184
ASPATH: 16086 3257 6461 7754 7754 17370
ASPATH: 16086 174 1299 29075 24904 24904 24904 24904 60478
ASPATH: 16086 3257 6461
ASPATH: 16086 3257 6461
ASPATH: 16086 3257 6461 17184
ASPATH: 16086 3257 209 30263
ASPATH: 16086 3257 6461 23342 21634
ASPATH: 16086 3257 6461 19092 12009
ASPATH: 16086 3257 6461
ASPATH: 16086 3257 6461 19092
ASPATH: 16086 3257 6461 7767
ASPATH: 16086 3257 6461 7754 7754 17370
ASPATH: 9002 9304 23752
ASPATH: 9002 2914 174 24904 24904 24904 24904
ASPATH: 9002 2914 174 3223 60929
ASPATH: 6939 1273 47541 28709
ASPATH: 6939 24904 60478
ASPATH: 9002 29075 24904 24904 24904 24904 60478
ASPATH: 9002 6939 24904 60478
ASPATH: 9002 24904 60478
ASPATH: 16086 6939 24904 60478
ASPATH: 16086 6939 24904 60478
ASPATH: 6939 15412 18101 55351
ASPATH: 6939 15412 18101 17813 132994
ASPATH: 6939 15412 18101 45194
ASPATH: 6939 47541 28709
ASPATH: 6939 15412 18101 9836
ASPATH: 6939 15412 18101 7633
ASPATH: 16086 6939 15412 18101 55351
ASPATH: 16086 6939 15412 18101 9836
ASPATH: 9002 6939 15412 18101 55351
ASPATH: 9002 6939 15412 18101 9836
ASPATH: 9002 6939 24904 60478
ASPATH: 9002 24904 24904 60478
ASPATH: 9002 24904 24904
ASPATH: 6939 47541 28709
ASPATH: 9002 6461 11054 11054
ASPATH: 9002 2914 11054
ASPATH: 9002 702 12897
ASPATH: 16086 5580 46562
ASPATH: 6939 1273 47541 28709
ASPATH: 6939 5580 46562
ASPATH: 9002 5580 46562
ASPATH: 9002 12897
ASPATH: 6939 47541 28709
ASPATH: 9002 2914 174 14743 14743 14743 14743 14743 11054
ASPATH: 9002 9498 23752
ASPATH: 6939 1273 47541 28709
ASPATH: 9002 9304 23752
ASPATH: 6939 47541 28709
ASPATH: 16086 1273 6939 42353
ASPATH: 9002 6939 42353
ASPATH: 6939 42353
ASPATH: 16086 1273 6939 42353
ASPATH: 16086 6939 42353
ASPATH: 16086 6939 42353
ASPATH: 16086 1273 6939 42353
ASPATH: 9002 6939 42353
ASPATH: 9002 6939 42353
ASPATH: 6939 1273 47541 28709
ASPATH: 6939 47541 28709
ASPATH: 16086 1273 6939 42353
ASPATH: 6939 42353
ASPATH: 9002 2914 6939 42353
ASPATH: 9002 6939 42353
ASPATH: 9002 42353
ASPATH: 16086 6939 42353
ASPATH: 16086 6939 42353
ASPATH: 6939 1273 47541 28709
ASPATH: 9002 1299 9498 9730 132441
ASPATH: 6939 47541 28709
ASPATH: 9002 15412 9304 23752
ASPATH: 9002 702 12897
ASPATH: 9002 9498 9730 132441
ASPATH: 9002 12897
ASPATH: 9002 6453 23752
ASPATH: 9002 2914 174 9498 23752
ASPATH: 6939 1273 47541 28709
ASPATH: 9002 6939 16735 11835 53088
ASPATH: 6939 47541 28709
ASPATH: 6939 16735 11835 53088
ASPATH: 9002 16735 11835 53088
ASPATH: 9002 6453 23752
ASPATH: 6939 1273 47541 28709
ASPATH: 6939 47541 28709
ASPATH: 9002 9498 23752
ASPATH: 9002 3356 25003
ASPATH: 9002 3356 174 14743 14743 14743 14743 14743 11054
ASPATH: 9002 6939 7473 7474 38809 38858 38858 38858
ASPATH: 6939 47541 28709
ASPATH: 6939 1273 47541 28709
ASPATH: 16086 174 2914 38809 38858 38858 38858
ASPATH: 6939 47541 28709
ASPATH: 16086 174 2914 38809 38858 38858 38858
ASPATH: 9002 702 12897
ASPATH: 6939 1273 47541 28709
ASPATH: 6939 47541 28709
ASPATH: 9002 12897
ASPATH: 6939 1273 47541 28709
ASPATH: 6939 47541 28709
ASPATH: 9002 6453 23752
ASPATH: 6939 1273 47541 28709
ASPATH: 6939 47541 28709
ASPATH: 9002 2914 4436 25973 9304 23752
ASPATH: 6939 1273 47541 28709
ASPATH: 9002 3356 3549 9498 23752
ASPATH: 6939 47541 28709
ASPATH: 6939 1273 47541 28709
ASPATH: 6939 47541 28709
ASPATH: 9002 702 12897
ASPATH: 9002 6453 23752
ASPATH: 9002 1299 16735 262717 262949
ASPATH: 9002 52320 16735 262717 262949
ASPATH: 9002 12897
ASPATH: 9002 1299 16735 262717 262949
ASPATH: 6939 1273 47541 28709
ASPATH: 6939 47541 28709
ASPATH: 6939 1273 47541 28709
ASPATH: 6939 47541 28709
ASPATH: 9002 6939 8551 25003
ASPATH: 6939 1273 47541 28709
ASPATH: 9002 2914 6461
ASPATH: 6939 47541 28709
ASPATH: 9002 2914 6461
ASPATH: 9002 3356 2914 2914 4436 23342
ASPATH: 16086 6939 16735 11835 53088
ASPATH: 9002 3356 3549 16735 262717 262949
ASPATH: 6939 1273 47541 28709
ASPATH: 9002 2914 6461
ASPATH: 9002 2914 35994
ASPATH: 9002 6461
ASPATH: 9002 2914 12956 19169 27947 27820
ASPATH: 6939 12956 19169 27947 27820
ASPATH: 6939 47541 28709
ASPATH: 9002 6939 12956 19169 27947 27820
ASPATH: 16086 1273 12956 19169 27947 27820
ASPATH: 16086 1273 12956 19169 27947 27820
ASPATH: 9002 702 12897
ASPATH: 6939 48539 51696 51696 51696 51696 51696
ASPATH: 9002 2914 4436 35994
ASPATH: 9002 12897
ASPATH: 6939 16243 51696 51696 51696 51696 51696
ASPATH: 6939 1273 47541 28709
ASPATH: 9002 6939 4766
ASPATH: 9002 6939 4766
ASPATH: 9002 30798
ASPATH: 6939 47541 28709
ASPATH: 6939 4766
ASPATH: 16086 174 2914 38809 38858 38858 38858
ASPATH: 9002 6939 42353
ASPATH: 9002 42353
ASPATH: 9002 6939 4766
ASPATH: 6939 1273 47541 28709
ASPATH: 9002 4766
ASPATH: 6939 47541 28709
ASPATH: 6939 7473 7474 38809 38809 38858 38858 38858
ASPATH: 6939 7473 7474 38809 38858 38858 38858 38858
ASPATH: 6939 1273 47541 28709
ASPATH: 6939 7473 7474 38809 38809 38858 38858 38858
ASPATH: 6939 47541 28709
ASPATH: 6939 7473 7474 38809 38858 38858 38858 38858
ASPATH: 9002 6939 7473 7474 38809 38858 38858 38858 38858
ASPATH: 6939 7473 7474 38809 38809 38858 38858 38858
ASPATH: 9002 9498 23752
ASPATH: 9002 6939 7473 7474 38809 38809 38858 38858 38858
ASPATH: 9002 6939 7473 7474 38809 38809 38858 38858 38858
ASPATH: 9002 6939 7473 7474 38809 38809 38858 38858 38858
ASPATH: 9002 6453 4755 9829 23752
ASPATH: 9002 9304 23752
ASPATH: 9002 6939 4766
ASPATH: 6939 29632 50530 50530 50530
ASPATH: 9002 6453 23752
ASPATH: 9002 6939 4766
ASPATH: 6939 1273 47541 28709
ASPATH: 16086 47541 28709
ASPATH: 6939 1273 47541 28709
ASPATH: 9002 2914 3356 29632 50530 50530 50530
ASPATH: 9002 3356 29632 50530 50530 50530
ASPATH: 9002 702 12897
ASPATH: 9002 2914 174 9009 9009 9009 43082
ASPATH: 6939 47541 28709
ASPATH: 9002 2914 701 2516 18135
ASPATH: 9002 702 12897
ASPATH: 16086 1273 47541 28709
ASPATH: 16086 47541 28709
ASPATH: 6939 3356 29632 50530 50530 50530
ASPATH: 9002 12897
ASPATH: 9002 1299 4766
ASPATH: 9002 9498 23752
ASPATH: 9002 4635 36236 2914 4713 18135
ASPATH: 9002 9304 23752
ASPATH: 9002 2914 38809 38858 38858 38858 38858
ASPATH: 9002 3356 3549 9498 23752
ASPATH: 9002 6453 23752
ASPATH: 6939 4766
ASPATH: 9002 2914 15412 9304 23752
ASPATH: 9002 6939 4766
ASPATH: 9002 2914 38809 38858 38858 38858 38858
ASPATH: 9002 6939 4766
ASPATH: 9002 3356 3549 9498 23752
ASPATH: 9002 4766
ASPATH: 9002 9304 23752
ASPATH: 9002 9498 23752
ASPATH: 9002 9304 23752
ASPATH: 9002 9498 23752
ASPATH: 9002 2914 38809 38858 38858 38858 38858
ASPATH: 9002 6939 7473 7474 38809 38809 38858 38858 38858
ASPATH: 9002 702 12897
ASPATH: 9002 12897
ASPATH: 9002 4635 38040 4618 133193
ASPATH: 9002 6453 4755 9829 23752
ASPATH: 9002 2914 38809 38858 38858 38858 38858
ASPATH: 9002 4134
ASPATH: 9002 6453 23752
ASPATH: 9002 3356 174 9009 9009 9009 43082
ASPATH: 9002 18135
ASPATH: 9002 2914 174 9009 9009 9009 43082
ASPATH: 9002 702 12897
ASPATH: 9002 12897
ASPATH: 9002 2914 4436 23342
ASPATH: 6939 7473 7474 38809 38858 38858 38858 38858
ASPATH: 6939 7473 7474 38809 38858 38858 38858 38858
ASPATH: 9002 6939 4766
ASPATH: 9002 6939 4766
ASPATH: 9002 3356 3549 29607
ASPATH: 6939 4826 60725
ASPATH: 9002 1299 4766
ASPATH: 9002 6453 23752
ASPATH: 9002 2914 4436 25973 9304 23752
ASPATH: 9002 49544 59743
ASPATH: 9002 6453 4755 9829 23752
ASPATH: 9002 702 12897
ASPATH: 9002 12897
ASPATH: 9002 2914 174 24904 24904 24904 24904
ASPATH: 9002 2914 3356 20485 15774
ASPATH: 9002 6453 23752
ASPATH: 9002 6939 8551 25003
ASPATH: 6939 8551 25003
ASPATH: 16086 174 2914 38809 38858 38858 38858
ASPATH: 9002 6939 8551 25003
ASPATH: 9002 702 12897
ASPATH: 16086 174 2914 38809 38858 38858 38858
ASPATH: 9002 3356 174 4766
ASPATH: 9002 6939 8551 25003
ASPATH: 9002 12897
ASPATH: 16086 174 2914 38809 38858 38858 38858
ASPATH: 9002 2914 3356 6629 6629 6629 6629 6629
ASPATH: 9002 3356 6629 6629 6629 6629 6629
ASPATH: 6939 20853 197800 197800 197800
ASPATH: 9002 6939 42353
ASPATH: 9002 6939 20853 197800 197800 197800
ASPATH: 9002 6939 42353
ASPATH: 9002 6939 42353
ASPATH: 9002 6939 20853 197800 197800 197800
ASPATH: 9002 3356 2914 20853 197800
ASPATH: 16086 1273 6939 42353
ASPATH: 16086 1273 6939 42353
ASPATH: 6939 42353
ASPATH: 16086 1273 6939 42353
ASPATH: 16086 6939 42353
ASPATH: 9002 6939 42353
ASPATH: 9002 42353
ASPATH: 16086 174 2914 38809 38858 38858 38858 38858
ASPATH: 6939 4766
ASPATH: 9002 6939 4766
ASPATH: 9002 4766
ASPATH: 9002 702 12897
ASPATH: 9002 2914 4436 25973 9304 23752
ASPATH: 9002 3356 3549 9304 23752
ASPATH: 9002 9498 23752
ASPATH: 9002 2914 3257 60929 57324 58336
ASPATH: 9002 12897
ASPATH: 9002 9304 23752
ASPATH: 9002 6453 23752
ASPATH: 9002 6939 7473 7474 38809 38858 38858 38858 38858
ASPATH: 9002 3356 2914 38809 38858 38858 38858 38858
ASPATH: 9002 9498 23752
ASPATH: 16086 174 5580 46562
ASPATH: 9002 9304 23752
ASPATH: 9002 702 12897
ASPATH: 9002 6939 7473 7474 38809 38858 38858 38858 38858
ASPATH: 6939 5580 46562
ASPATH: 9002 3356 2914 38809 38858 38858 38858 38858
ASPATH: 9002 12897
ASPATH: 9002 1273 3216 12883 57670
ASPATH: 9002 12883 57670
ASPATH: 9002 12883 57670
ASPATH: 9002 1273 3216 12883 57670
ASPATH: 9002 12883 57670
ASPATH: 9002 6939 7473 7474 38809 38858 38858 38858
ASPATH: 6939 7473 7474 38809 38858 38858 38858
ASPATH: 6939 7473 7474 38809 38858 38858 38858
ASPATH: 9002 6939 7473 7474 38809 38858 38858 38858
ASPATH: 9002 15412 9304 23752
ASPATH: 9002 6453 23752
ASPATH: 9002 3356 25003 48068 48068 48068 48068
ASPATH: 9002 3356 3257 4436 21732
ASPATH: 9002 3356 20485 15774
ASPATH: 9002 3356 174 24904 24904 24904 24904
ASPATH: 9002 3356 3257 4436 25973
ASPATH: 9002 2914 4436 25973
ASPATH: 9002 2914 4436 21732
ASPATH: 9002 2914 15412 9304 23752
ASPATH: 9002 2914 6453 23752
ASPATH: 9002 2914 7018 13322
ASPATH: 16086 1273 2914 38809 38858 38858 38858
ASPATH: 9002 9498 38000
ASPATH: 9002 2914 38809 38858 38858 38858
ASPATH: 16086 1273 2914 38809 38858 38858 38858
ASPATH: 9002 15412 9304 23752
ASPATH: 9002 6453 23752
ASPATH: 9002 2914 7018 13322
ASPATH: 9002 6453 37385
ASPATH: 9002 6453 23752
ASPATH: 9002 702 12897
ASPATH: 9002 6461 53340
ASPATH: 9002 6939 53340 53667
ASPATH: 9002 6939 53340
ASPATH: 9002 6939 53340 36114
ASPATH: 9002 6939 53340 53667
ASPATH: 9002 6939 53340 62838
ASPATH: 9002 6939 53340 46261
ASPATH: 9002 6939 53340 39944
ASPATH: 9002 6939 53340 59692
ASPATH: 9002 6939 53340
ASPATH: 9002 6461 53340 62838
ASPATH: 9002 6939 53340 39944
ASPATH: 9002 6939 53340 33440
ASPATH: 9002 6939 53340 46173
ASPATH: 9002 6939 53340
ASPATH: 9002 12897
ASPATH: 9002 2914 38809 38858 38858 38858
ASPATH: 16086 1273 2914 38809 38858 38858 38858
ASPATH: 16086 1273 2914 38809 38858 38858 38858
ASPATH: 9002 2914 3356 6629 6629 6629 6629 6629
ASPATH: 9002 9498 23752
ASPATH: 9002 24904 60478
ASPATH: 9002 20552 47755
ASPATH: 6939 4826 60725
ASPATH: 9002 4739 56133
ASPATH: 9002 2914 3257 60929
ASPATH: 9002 702 12897
ASPATH: 9002 12897
ASPATH: 6939 12389 49341 49341 49341
ASPATH: 9002 12389 49341 49341 49341
ASPATH: 6939 42353
ASPATH: 9002 6939 42353
ASPATH: 9002 6939 42353
ASPATH: 9002 6939 42353
ASPATH: 9002 42353
ASPATH: 9002 1299 8732 49341 49341
ASPATH: 6939 12389 49341 49341 49341
ASPATH: 9002 16735 262717 262949
ASPATH: 9002 6453 23752
ASPATH: 9002 62310
ASPATH: 9002 6453 4755 9829 23752
ASPATH: 9002 702 12897
ASPATH: 9002 30798
ASPATH: 9002 12897
ASPATH: 6939 3356 29632 50530 50530 50530
ASPATH: 9002 2914 3356 29632 50530 50530 50530
ASPATH: 6939 7545 2764 24093 4826 56133
ASPATH: 9002 2914 4436 25973 9304 23752
ASPATH: 9002 2914 3356 25003
ASPATH: 6939 7545 2764 24093 4826 56133
ASPATH: 9002 6453 23752
ASPATH: 16086 1273 12956 19169 27947 27820
ASPATH: 9002 6939 12956 19169 27947 27820
ASPATH: 9002 6939 12956 19169 27947 27820
ASPATH: 16086 174 12956 19169 27947 27820
ASPATH: 6939 4635 17579 7660 22388 11537 27750 27841
ASPATH: 9002 16735 262717 262949
ASPATH: 9002 4635 17579 7660 22388 11537 27750 27841
ASPATH: 9002 702 12897
ASPATH: 9002 6939 12956 19169 27947 27820
ASPATH: 9002 12897
ASPATH: 16086 174 3356 29632 50530 50530 50530
ASPATH: 9002 9304 23752
ASPATH: 9002 9498 23752
ASPATH: 9002 9304 23752
ASPATH: 6939 20853 197800 197800 197800
ASPATH: 9002 6939 20853 197800 197800 197800
ASPATH: 9002 20853 197800
ASPATH: 9002 4635 17579 7660 22388 11537 27750 27841
ASPATH: 9002 3356 15412 15412 15412 15412 9304 23752
ASPATH: 9002 2914 6762 26615 262687 52554
ASPATH: 9002 2914 15412 9304 23752
ASPATH: 9002 15412 9304 23752
ASPATH: 9002 702 12897
ASPATH: 9002 12897
ASPATH: 9002 6453 4755 4755 9829 23752
ASPATH: 9002 2914 702 3216 8402
ASPATH: 9002 2914 4436 25973 9304 23752
ASPATH: 9002 6453 4755 9829 23752
ASPATH: 9002 6453 23752
ASPATH: 9002 9498 23752
ASPATH: 9002 9498 23752
ASPATH: 9002 9304 23752
ASPATH: 9002 48964 48964 57670
ASPATH: 9002 48964 48964 57670
ASPATH: 9002 702 12897
ASPATH: 9002 12897
ASPATH: 9002 1299 7473 7474 7600 7600
ASPATH: 9002 2914 3356 6629 6629 6629 6629 6629
ASPATH: 9002 3356 3549 29607
ASPATH: 9002 3356 21732
ASPATH: 9002 3356 6629 6629 6629 6629 6629
ASPATH: 9002 3356 3257 60929
ASPATH: 9002 3356 7018 13322
ASPATH: 9002 3356 174 14743 14743 14743 14743 14743 11054 11054
ASPATH: 9002 3356 25003
ASPATH: 9002 3356 702 3216 8402
ASPATH: 9002 3356 9498 23752
ASPATH: 9002 2914 6453 7843 20001 53249
ASPATH: 9002 6453 23752
ASPATH: 9002 3356 7843 20001 53249
ASPATH: 9002 15412 9304 23752
ASPATH: 9002 9304 23752
ASPATH: 9002 702 12897
ASPATH: 9002 2914 4436 23342
ASPATH: 9002 6453 4755 9829 23752
ASPATH: 9002 2914 4436 25973 9304 23752
ASPATH: 6939 4826 60725
ASPATH: 9002 15412 9304 23752
ASPATH: 9002 12897
ASPATH: 9002 3356 9498 23752
ASPATH: 9002 6453 23752
ASPATH: 6939 42353
ASPATH: 9002 1299 7473 7474 9822
ASPATH: 9002 6939 42353
ASPATH: 16086 6939 42353
ASPATH: 16086 1273 6939 42353
ASPATH: 16086 1273 6939 42353
ASPATH: 9002 6453 7843 20001 53249
ASPATH: 9002 6939 42353
ASPATH: 9002 6939 42353
ASPATH: 6939 42353
ASPATH: 16086 6939 42353
ASPATH: 16086 6939 42353
ASPATH: 9002 42353
ASPATH: 9002 702 12897
ASPATH: 9002 12897
ASPATH: 6939 3356 29632 50530 50530 50530
ASPATH: 9002 2914 3356 25003
ASPATH: 9002 3356 174 15463 6468 6468 6468 6468 6468 6468 6468
ASPATH: 9002 702 12897
ASPATH: 9002 16735 262717 262949 262949
ASPATH: 9002 52320 16735 262717 262949
ASPATH: 9002 16735 262717 262949 262949
ASPATH: 9002 12897
ASPATH: 16086 1273 4635 17579 7660 22388 11537 27750 27841
ASPATH: 9002 2914 4436 25973 9304 23752
ASPATH: 9002 9304 23752
ASPATH: 9002 6453 23752
ASPATH: 9002 1299 9498 133001
ASPATH: 9002 2914 174 24904 24904 24904 24904
ASPATH: 9002 2914 174 15463 6468 6468 6468 6468 6468 6468 6468
ASPATH: 9002 9498 133001
ASPATH: 16086 47541 28709
ASPATH: 9002 6663 31546 15836 60405
ASPATH: 6939 1273 47541 28709
ASPATH: 9002 8926 41221 60405
ASPATH: 9002 702 12897
ASPATH: 6939 47541 28709
ASPATH: 16086 1273 47541 28709
ASPATH: 9002 1299 9498 133001
ASPATH: 9002 9498 133001
ASPATH: 9002 12897
ASPATH: 9002 6663 31546 15836 60405
ASPATH: 9002 1299 9498 133001
ASPATH: 6939 1273 47541 28709
ASPATH: 6939 47541 28709
ASPATH: 9002 9304 23752
ASPATH: 9002 9498 23752
ASPATH: 9002 9304 23752
ASPATH: 6939 47541 28709
ASPATH: 9002 9304 23752
ASPATH: 9002 702 12897
ASPATH: 6939 1273 47541 28709
ASPATH: 6939 47541 28709
ASPATH: 9002 12897
ASPATH: 9002 9304 23752
ASPATH: 9002 6453 23752
ASPATH: 6939 1273 47541 28709
ASPATH: 6939 47541 28709
ASPATH: 9002 2914 38809 38858 38858 38858 38858
ASPATH: 9002 3356 174 9498 133001
ASPATH: 9002 2914 3549 7473 7474 9822
ASPATH: 9002 3356 701 3216 8402
ASPATH: 9002 3356 174 24904 24904 24904 24904
ASPATH: 9002 3356 2914 38809 38858 38858 38858
ASPATH: 9002 3356 3549 7473 7474 9822
ASPATH: 6939 47541 28709
ASPATH: 9002 3356 174 15463 6468 6468 6468 6468 6468 6468 6468
ASPATH: 6939 47541 28709
ASPATH: 9002 2914 38809 38858 38858 38858 38858
ASPATH: 16086 174 2914 38809 38858 38858 38858
ASPATH: 9002 3356 2914 38809 38858 38858 38858
ASPATH: 9002 9498 23752
ASPATH: 9002 2914 174 24904 24904 24904 24904
ASPATH: 6939 1273 47541 28709
ASPATH: 16086 174 2914 38809 38858 38858 38858
ASPATH: 6939 47541 28709
ASPATH: 9002 702 12897
ASPATH: 9002 12897
ASPATH: 6939 1273 47541 28709
ASPATH: 6939 47541 28709
ASPATH: 9002 4826 56133
ASPATH: 6939 1273 47541 28709
ASPATH: 6939 4826 56133
ASPATH: 6939 47541 28709
ASPATH: 6939 1273 47541 28709
ASPATH: 9002 2914 6453 7843 20001 53249
ASPATH: 9002 3356 7843 20001 53249
ASPATH: 6939 47541 28709
ASPATH: 9002 6453 7843 20001 53249
ASPATH: 9002 6453 23752
ASPATH: 9002 2914 6453 7843 20001 53249
ASPATH: 6939 47541 28709
ASPATH: 9002 9304 23752
ASPATH: 9002 3356 7843 20001 53249
ASPATH: 9002 702 12897
ASPATH: 6939 1273 47541 28709
ASPATH: 9002 12897
ASPATH: 9002 2914 3356 6459 8051
ASPATH: 6939 47541 28709
ASPATH: 9002 2914 4436 25973 9304 23752
ASPATH: 9002 2914 174 3223 60929
ASPATH: 9002 2914 6459 8051
ASPATH: 6939 1273 47541 28709
ASPATH: 9002 6453 23752
ASPATH: 6939 47541 28709
ASPATH: 6939 15412 18101 132351
ASPATH: 6939 1273 47541 28709
ASPATH: 6939 47541 28709
ASPATH: 6939 47541 28709
ASPATH: 9002 6453 7843 20001 53249
ASPATH: 6939 1273 47541 28709
ASPATH: 6939 47541 28709
ASPATH: 9002 702 12897
ASPATH: 9002 12897
ASPATH: 6939 1273 47541 28709
ASPATH: 9002 6939 12956 19169 27947 27820
ASPATH: 16086 1273 12956 19169 27947 27820
ASPATH: 6939 12956 19169 27947 27820
ASPATH: 6939 47541 28709
ASPATH: 9002 2914 4436 23342
ASPATH: 16086 1273 12956 19169 27947 27820
ASPATH: 6939 1273 47541 28709
ASPATH: 6939 47541 28709
ASPATH: 16086 1273 5511 5511 5511 3303 3303 3303 3303 35054 21371 24990
ASPATH: 9002 2914 3303 3303 3303 3303 35054 21371 24990
ASPATH: 16086 1273 3303 3303 3303 3303 35054 21371 24990
ASPATH: 6939 47541 28709
ASPATH: 16086 174 2914 38809 38858 38858 38858
ASPATH: 6939 1273 47541 28709
ASPATH: 6939 47541 28709
ASPATH: 9002 702 12897
ASPATH: 6939 1273 47541 28709
ASPATH: 6939 47541 28709
ASPATH: 9002 12897
ASPATH: 9002 2914 174 9498 133001
ASPATH: 9002 2914 4436 25973 9304 23752
ASPATH: 6939 47541 28709
ASPATH: 16086 47541 28709
ASPATH: 6939 1273 47541 28709
ASPATH: 9002 6663 31546 15836 60405
ASPATH: 6939 47541 28709
ASPATH: 16086 47541 28709
ASPATH: 9002 8926 41221 60405
ASPATH: 9002 6663 31546 15836 60405
ASPATH: 9002 2914 174 15463 6468 6468 6468 6468 6468 6468 6468
ASPATH: 9002 3356 3549 9498 23752
ASPATH: 9002 6453 4755 18229 18101 15412 1299 6762 9498 133001
ASPATH: 9002 9304 23752
ASPATH: 9002 9498 23752
ASPATH: 9002 9304 23752
ASPATH: 9002 9498 133001
ASPATH: 9002 9498 23752
ASPATH: 9002 702 12897
ASPATH: 9002 5580 46562
ASPATH: 6939 5580 5580 46562
ASPATH: 16086 5580 5580 46562
ASPATH: 6939 5580 46562
ASPATH: 9002 702 12897
ASPATH: 9002 9304 23752
ASPATH: 16086 5580 46562
ASPATH: 9002 12897
ASPATH: 6939 42353
ASPATH: 9002 6939 42353
ASPATH: 9002 6939 42353
ASPATH: 9002 6939 42353
ASPATH: 16086 1273 6939 42353
ASPATH: 16086 6939 42353
ASPATH: 16086 6939 42353
ASPATH: 9002 6939 42353
ASPATH: 9002 6939 42353
ASPATH: 6939 42353
ASPATH: 16086 1273 6939 42353
ASPATH: 16086 6939 42353
ASPATH: 9002 42353
ASPATH: 6939 7473 7474 38809 38858 38858 38858
ASPATH: 6939 7473 7474 38809 38858 38858 38858 38858
ASPATH: 6939 7473 7474 38809 38858 38858 38858 38858
ASPATH: 6939 7473 7474 38809 38858 38858 38858 38858
ASPATH: 9002 12989 53237 53237 53237 53237 53237 53237 53237
ASPATH: 6939 7473 7474 38809 38858 38858 38858 38858
ASPATH: 6939 12989 53237 53237 53237 53237 53237 53237 53237
ASPATH: 16086 6939 12989 53237 53237 53237 53237 53237 53237 53237
ASPATH: 9002 2914 38809 38858 38858 38858
ASPATH: 16086 1273 2914 38809 38858 38858 38858
ASPATH: 16086 1273 2914 38809 38858 38858 38858
ASPATH: 9002 702 12897
ASPATH: 16086 174 3303 35054 21371 24990
ASPATH: 16086 174 2914 38809 38858 38858 38858
ASPATH: 9002 2914 38809 38858 38858 38858 38858
ASPATH: 9002 3356 3549 29607
ASPATH: 9002 30798
ASPATH: 9002 2914 38809 38858 38858 38858
ASPATH: 9002 12897
ASPATH: 16086 1273 2914 38809 38858 38858 38858
ASPATH: 9002 3356 701 702 3216 8402
ASPATH: 9002 3356 6459 8051
ASPATH: 9002 3356 174 15463 6468 6468 6468 6468 6468 6468 6468
ASPATH: 9002 3356 174 3223 60929
ASPATH: 9002 6453 23752
ASPATH: 9002 2914 15412 9304 23752
ASPATH: 9002 2914 4436 25973 9304 23752
ASPATH: 9002 9498 23752
ASPATH: 9002 6453 9829 23752
ASPATH: 9002 6453 23752
ASPATH: 9002 2914 4436 23342
ASPATH: 9002 24904
ASPATH: 9002 3356 12956 36947
ASPATH: 9002 24904 60478
ASPATH: 9002 702 12897
ASPATH: 9002 12897
ASPATH: 9002 2914 6453 6453 4755 17443 45769
ASPATH: 9002 3356 6453 4755 17443 45769
ASPATH: 9002 57023 36947
ASPATH: 9002 2914 4755 17443 45769
ASPATH: 9002 702 12897
ASPATH: 9002 12897
ASPATH: 9002 6453 23752
ASPATH: 9002 6453 4755 9829 23752
ASPATH: 6939 3303 35054 21371 24990
ASPATH: 6939 8551 25003
ASPATH: 9002 6939 8551 25003
ASPATH: 9002 6939 8551 25003
ASPATH: 9002 6453 23752
ASPATH: 6939 3303 3303 3303 3303 35054 21371 24990
ASPATH: 6939 3303 35054 21371 24990
ASPATH: 9002 2914 5511 3303 35054 21371 24990
ASPATH: 6939 3303 3303 3303 3303 35054 21371 24990
ASPATH: 6939 5511 3303 35054 21371 24990
ASPATH: 9002 6939 42353
ASPATH: 9002 702 12897
ASPATH: 9002 42353
ASPATH: 9002 12989 53237
ASPATH: 9002 12897
ASPATH: 16086 174 3303 35054 21371 24990
ASPATH: 9002 6461 11054
ASPATH: 9002 9498 23752
ASPATH: 9002 9304 23752
ASPATH: 6939 29075 29075 24904 24904 24904 24904 60478
ASPATH: 16086 1273 6939 24904 60478
ASPATH: 9002 8926 41221 60405
ASPATH: 6939 24904 60478
ASPATH: 6939 1273 47541 28709
ASPATH: 16086 1273 6939 24904 60478
ASPATH: 16086 47541 28709
ASPATH: 16086 6939 24904 60478
ASPATH: 16086 1273 47541 28709
ASPATH: 6939 47541 28709
ASPATH: 6939 29075 29075 24904 24904 24904 24904 60478
ASPATH: 16086 6939 24904 60478
ASPATH: 16086 1273 6939 24904 60478
ASPATH: 6939 24904 60478
ASPATH: 16086 1273 6939 24904 60478
ASPATH: 16086 174 24904 24904 24904 24904 60478
ASPATH: 6939 1273 47541 28709
ASPATH: 9002 6453 4755 9829 23752
ASPATH: 6939 47541 28709
ASPATH: 9002 702 12897
ASPATH: 9002 15412 9304 23752
ASPATH: 9002 12897
ASPATH: 9002 3356 12956 36947
ASPATH: 6939 47541 28709
ASPATH: 9002 6453 4755 9829 23752
ASPATH: 9002 6453 23752
ASPATH: 9002 9498 23752
ASPATH: 9002 9304 23752
ASPATH: 6939 1273 47541 28709
ASPATH: 9002 9498 23752
ASPATH: 9002 9304 23752
ASPATH: 6939 47541 28709
ASPATH: 6939 1273 47541 28709
ASPATH: 9002 1273 3216 12883 57670
ASPATH: 9002 12883 57670
ASPATH: 6939 47541 28709
ASPATH: 16086 174 5580 46562
ASPATH: 9002 1273 3216 12883 57670
ASPATH: 9002 12883 57670
ASPATH: 9002 2914 174 15463 6468 6468 6468 6468 6468 6468 6468
ASPATH: 6939 1273 47541 28709
ASPATH: 6939 47541 28709
ASPATH: 9002 6453 33576 27653
ASPATH: 6939 7473 7474 38809 38809 38858 38858 38858
ASPATH: 6939 7473 7474 38809 38809 38858 38858 38858
ASPATH: 6939 7473 7474 38809 38809 38858 38858 38858
ASPATH: 9002 702 12897
ASPATH: 9002 12897
ASPATH: 6939 47541 28709
ASPATH: 6939 1273 47541 28709
ASPATH: 6939 47541 28709
ASPATH: 6939 1273 47541 28709
ASPATH: 6939 47541 28709
ASPATH: 9002 2914 3356 6629 6629 6629 6629 6629
ASPATH: 9002 3356 5511 3303 35054 21371 24990
ASPATH: 9002 3356 209 721 721 721 721 721 721 27064 27066 647
ASPATH: 9002 3356 25003
ASPATH: 6939 47541 28709
ASPATH: 9002 2914 209 721 27066 647
ASPATH: 9002 50952 47541 28709
ASPATH: 9002 47541 28709
ASPATH: 16086 6939 47541 28709
ASPATH: 9002 57023 36947
ASPATH: 9002 702 12897
ASPATH: 6939 6762 47541 28709
ASPATH: 9002 6939 47541 28709
ASPATH: 16086 174 1273 47541 28709
ASPATH: 9002 15412 9304 23752
ASPATH: 6939 47541 28709
ASPATH: 9002 47541 28709
ASPATH: 16086 6939 47541 28709
ASPATH: 9002 12897
ASPATH: 9002 6453 23752
ASPATH: 9002 3356 9498 23752
ASPATH: 16086 6939 47541 28709
ASPATH: 9002 6939 47541 28709
ASPATH: 9002 6939 47541 28709
ASPATH: 16086 174 1273 47541 28709
ASPATH: 16086 6939 47541 28709
ASPATH: 16086 6939 47541 28709
ASPATH: 9002 6939 47541 28709
ASPATH: 9002 6939 47541 28709
ASPATH: 9002 47541 28709
ASPATH: 16086 174 1273 47541 28709
ASPATH: 6939 47541 28709
ASPATH: 9002 50952 47541 28709
ASPATH: 9002 6939 47541 28709
ASPATH: 16086 6939 47541 28709
ASPATH: 16086 6939 47541 28709
ASPATH: 9002 47541 28709
ASPATH: 6939 47541 28709
ASPATH: 9002 702 12897
ASPATH: 16086 174 1273 47541 28709
ASPATH: 16086 6939 47541 28709
ASPATH: 16086 6939 47541 28709
ASPATH: 9002 6939 47541 28709
ASPATH: 9002 6939 47541 28709
ASPATH: 9002 6939 47541 28709
ASPATH: 9002 6939 47541 28709
ASPATH: 9002 6453 23752
ASPATH: 9002 47541 28709
ASPATH: 9002 12897
ASPATH: 6939 47541 28709
ASPATH: 16086 174 1273 47541 28709
ASPATH: 16086 6939 47541 28709
ASPATH: 16086 6939 47541 28709
ASPATH: 9002 6939 47541 28709
ASPATH: 9002 6939 47541 28709
ASPATH: 9002 6939 47541 28709
ASPATH: 9002 6939 47541 28709
ASPATH: 9002 47541 28709
ASPATH: 16086 174 1273 47541 28709
ASPATH: 9002 6939 47541 28709
ASPATH: 6939 47541 28709
ASPATH: 9002 47541 28709
ASPATH: 6939 5511 29075 24904 24904 24904 24904 60478
ASPATH: 16086 6939 47541 28709
ASPATH: 16086 6939 47541 28709
ASPATH: 9002 1299 29075 24904 24904 24904 24904 60478
ASPATH: 6939 24904 60478
ASPATH: 6939 5511 29075 24904 24904 24904 24904 60478
ASPATH: 6939 6762 47541 28709
ASPATH: 16086 174 1273 47541 28709
ASPATH: 6939 47541 28709
ASPATH: 9002 6939 47541 28709
ASPATH: 9002 2914 4436 25973 9304 23752
ASPATH: 16086 6939 47541 28709
ASPATH: 16086 6939 47541 28709
ASPATH: 9002 47541 28709
ASPATH: 6939 6762 47541 28709
ASPATH: 9002 6939 47541 28709
ASPATH: 16086 174 1273 47541 28709
ASPATH: 6939 47541 28709
ASPATH: 9002 47541 28709
ASPATH: 16086 6939 47541 28709
ASPATH: 16086 6939 47541 28709
ASPATH: 9002 6453 23752
ASPATH: 6939 4826 60725
ASPATH: 6939 6762 47541 28709
ASPATH: 9002 6939 47541 28709
ASPATH: 9002 6939 47541 28709
ASPATH: 9002 6939 47541 28709
ASPATH: 9002 47541 28709
ASPATH: 9002 6939 42353
ASPATH: 9002 702 12897
ASPATH: 16086 174 1273 47541 28709
ASPATH: 16086 6939 47541 28709
ASPATH: 6939 47541 28709
ASPATH: 9002 6939 12956 19169 27947 27820
ASPATH: 9002 6939 12956 19169 27947 27820
ASPATH: 9002 2914 5511 3303 35054 21371 24990
ASPATH: 16086 174 12956 19169 27947 27820
ASPATH: 9002 12897
ASPATH: 6939 12956 19169 27947 27820
ASPATH: 16086 1273 6939 42353
ASPATH: 6939 4635 17579 7660 22388 11537 27750 27841
ASPATH: 9002 6939 12956 19169 27947 27820
ASPATH: 9002 6939 12956 19169 27947 27820
ASPATH: 6939 42353
ASPATH: 9002 2914 209 6629
ASPATH: 16086 6939 42353
ASPATH: 16086 6939 47541 28709
ASPATH: 9002 42353
ASPATH: 9002 6939 47541 28709
ASPATH: 16086 174 1273 47541 28709
ASPATH: 16086 6939 47541 28709
ASPATH: 9002 47541 28709
ASPATH: 9002 2914 701 5511 3303 35054 21371 24990
ASPATH: 9002 6939 12956 19169 27947 27820
ASPATH: 6939 701 5511 3303 35054 21371 24990
ASPATH: 16086 174 24904 24904 24904 24904 60478
ASPATH: 16086 174 5511 3303 35054 21371 24990
ASPATH: 16086 174 5580 46562
ASPATH: 6939 701 5511 29075 24904 24904 24904 24904 60478
ASPATH: 6939 47541 28709
ASPATH: 16086 174 6762 47541 28709
ASPATH: 16086 6939 47541 28709
ASPATH: 9002 6939 47541 28709
ASPATH: 9002 9498 23752
ASPATH: 9002 47541 28709
ASPATH: 16086 6939 47541 28709
ASPATH: 16086 174 6762 47541 28709
ASPATH: 9002 9304 23752
ASPATH: 9002 6939 47541 28709
ASPATH: 9002 6939 47541 28709
ASPATH: 9002 6939 47541 28709
ASPATH: 6939 47541 28709
ASPATH: 16086 6939 47541 28709
ASPATH: 16086 6939 47541 28709
ASPATH: 9002 47541 28709
ASPATH: 9002 702 12897
ASPATH: 6939 701 5511 29075 24904 24904 24904 24904 60478
ASPATH: 16086 47541 28709
ASPATH: 9002 2914 174 24904 24904 24904 24904 60478
ASPATH: 9002 12897
ASPATH: 9002 30798
ASPATH: 9002 2914 3356 3255 3255 3255 3255 3255 39399
ASPATH: 9002 3255 39399
ASPATH: 9002 9498 23752
ASPATH: 9002 9304 23752
ASPATH: 9002 15412 9304 23752
ASPATH: 9002 9304 23752
ASPATH: 9002 9498 23752
ASPATH: 9002 4635 17579 7660 22388 11537 27750 27841
ASPATH: 9002 6453 23752
ASPATH: 9002 9498 23752
ASPATH: 9002 9304 23752
ASPATH: 9002 48964 48964 57670
ASPATH: 9002 702 12897
ASPATH: 9002 702 12897
ASPATH: 9002 48964 48964 57670
ASPATH: 9002 12897
ASPATH: 6939 7473 7474 38809 38858 38858 38858
ASPATH: 6939 7473 7474 38809 38858 38858 38858
ASPATH: 9002 2914 9304 23752
ASPATH: 9002 15412 9304 23752
ASPATH: 9002 3356 3549 9498 23752
ASPATH: 9002 3356 209 6629
ASPATH: 9002 3356 209 721 27066 647
ASPATH: 9002 3356 174 10835 6582 20151
ASPATH: 9002 3356 209 721 27064 6045 27091
ASPATH: 9002 2914 3356 6582 20151
ASPATH: 9002 6453 23752
